0.46121044380407283
0.4624954125684876
0.48223704058350536
0.504627451909186
0.530326157455928
0.5621285800560688
0.582315061404862
0.5870167862277852
0.6011010210570399
0.5961223891486584
0.6043286118311263
0.6174348139515162
0.6121163582643795
0.6058077516878961
0.6209658976267554
0.6101318928174951
0.5923290015517688
0.6175256923545255
0.619035873407132
0.6170317511649657
0.5876087044785436
0.5784793945539924
0.6192581824921896
0.5886342417932411
0.5845020265478994
0.5840919291587089
0.5914115380259268
0.5710992895798535
0.5956963226201403
0.5929641490714525
