0.47394214592067296
0.4858871234926683
0.4985737905421236
0.5204679535929351
0.5311617971222857
0.5372126874397293
0.5631153780241849
0.5661084049017328
0.5724812903910842
0.5932370936920374
0.5816664671551841
0.598092869005158
0.6095921537454377
0.5759998576296647
0.5597058188917464
0.5966995899532136
0.6042186456046196
0.5822656533987901
0.6160590716745358
0.6009137208559671
0.5845751515674898
0.5893574998470775
0.6214150871449597
0.5829912354735828
0.5785575525318772
0.5698848018595434
0.5753335266073697
0.5815560147553238
0.5867121473753191
0.5863413464670492
