0.4883289373963665
0.5208475972939907
0.5350676460677682
0.5576471739445643
0.5709423296665423
0.5790779320000146
0.5844205242803179
0.5860520493034561
0.5894234069281935
0.604610716124114
0.5867294858286207
0.5728125720688791
0.6025883790337733
0.5761342249564628
0.5959465935772533
0.6004385795875142
0.5898281720383335
0.5781495776141466
0.5965740707789514
0.5838105491105584
0.5658019544805596
0.5576712380436534
0.5724179158302186
0.5690535215524437
0.5806177890804344
0.5923014463383408
0.5852727506928844
0.5845029359591597
0.5676972728201019
0.582693542662083
