0.4740807325410651
0.4928167137264952
0.5041685492644634
0.5238004714552652
0.5330299442333933
0.5466768807664445
0.5771473919147587
0.5915976806469498
0.5996302979717691
0.6017831751396919
0.6149213534820712
0.6208134855513544
0.6138653044788585
0.5910595632322971
0.5974815927739574
0.5996090524920342
0.6161635297177278
0.5953303049422314
0.616867705880937
0.630608552484223
0.6262150592203738
0.6116459687751314
0.5982778440563766
0.605642967583109
0.5912862239157376
0.6022368994546958
0.6207323783216274
0.6061685739153809
0.5648849382565612
0.6124202910125008
