0.4949876749720729
0.46498761091698293
0.4920716919514071
0.5230258926698371
0.5468847187953795
0.561421991055009
0.5706880838229564
0.5742981730648348
0.57404253050066
0.5865115548855974
0.6043961813293148
0.5893309478283358
0.5969780652065001
0.6167121102591162
0.6083146429977633
0.6143694300462685
0.5981052261274257
0.6033732993236419
0.6141802946925682
0.6237522079541001
0.592729593856696
0.6221788669022833
0.5702103768836929
0.5764435042255831
0.577954336070991
0.5888256059558925
0.5759504915005252
0.5793643300701373
0.5911152455944003
0.5886741384097298
