0.5119165511395013
0.5560335842147409
0.5591965367265701
0.5718407571984002
0.5836091402545039
0.5942974981345424
0.5957987510203431
0.60309316664571
0.6028598256998813
0.5899261269646502
0.5996218975594277
0.60913981920996
0.599994460466229
0.5994610276571031
0.6301308170533578
0.6021312911535194
0.6120848531779602
0.6242148192187659
0.6429838573376887
0.6249979675007127
0.6131236173593335
0.6320081434248281
0.6452682759825018
0.6237569405251516
0.5979286844177141
0.6264819771667242
0.6251404395587041
0.6073016185666221
0.6180498077103659
0.6399062088433138
