0.47373669825752274
0.47129884873858946
0.4896246597467493
0.5115979974849687
0.548049238807674
0.5623519442911686
0.5736015319625322
0.578257621325284
0.5887690030065296
0.5954771102546808
0.5933489547024509
0.6128708874426982
0.6232963935487407
0.6099875159253172
0.623175224866661
0.6299017401845345
0.6019264486475296
0.6328400370859152
0.6270821042739049
0.6165460354678987
0.6454387276936909
0.6273142548898454
0.6421336778101416
0.6117351192488674
0.6296617353723427
0.6393311614178077
0.6427093949469133
0.6195865384323446
0.6320611149893007
0.6296092419876909
