0.4966775243043401
0.4759673944803953
0.5164695856625057
0.5464735647013838
0.5540711353915685
0.5566592962548591
0.5631504931164096
0.5753770051678319
0.5807854069584905
0.6017815410616472
0.6012286214327975
0.6206710413822288
0.6020014829429744
0.6079388856184437
0.6227094242904126
0.6248336330305874
0.6348687616212192
0.6103221957361794
0.6184344348007932
0.6527825786980003
0.6116818585856144
0.5982324451289769
0.6386157994994225
0.633806401211201
0.6150123103252122
0.614531378792065
0.6488032260449208
0.6277936775927172
0.6201970638120426
0.6376568697797032
