0.4754230562130366
0.49134506094163205
0.48332543692423535
0.4948505092210639
0.5462612627546196
0.5551574895322059
0.5719346086335241
0.5766380190074513
0.5881518450062329
0.5962268969220513
0.6016034036461944
0.6063716441234552
0.614664945170421
0.6311298790252631
0.5914084954388968
0.6207128318618392
0.6301511291693384
0.6396383340654915
0.6311099984645555
0.6254592098268976
0.5909790442900551
0.6438835445074655
0.6039736953565011
0.6433778963304304
0.6437836267049643
0.6211235521186678
0.6291817700330873
0.631521444984278
0.6303448076198742
0.597714615136863
